plan

{

target rectangle x -22.86 z 0 rot 0 width 100 height 100
floor		barbarian_huge_city_underlay.CAS barbarian_huge_city_overlay.CAS
ground_types	barb_city_ground.tga -544 -544 544 544
street_plan	barbarian_huge_city_pathfinding.CAS

;walls
borders

	{


gateway,	480.00,	320.00,	90.00,	0.00

straight,	-480.00,	-384.00,	-90.00,	0.00
straight,	-480.00,	-320.00,	-90.00,	0.00
straight,	-448.00,	-448.00,	-45.00,	0.00
straight,	64.00,	-448.00,	45.00,	0.00
straight,	128.00,	-416.00,	0.00,	0.00
straight,	288.00,	-320.00,	90.00,	0.00
straight,	416.00,	128.00,	90.00,	0.00
straight,	480.00,	384.00,	90.00,	0.00
straight,	448.00,	192.00,	45.00,	0.00
straight,	320.00,	448.00,	135.00,	0.00
straight,	-256.00,	480.00,	180.00,	0.00
straight,	-384.00,	416.00,	180.00,	0.00

tower_external_corner_link,	-416.00,	416.00,	-90.00,	0.00

tower_straight,	-480.00,	-192.00,	-90.00,	0.00

straight,	32.00,	384.00,	-90.00,	0.00

tower_straight,	-384.00,	-480.00,	0.00,	0.00
tower_straight,	0.00,	-480.00,	0.00,	0.00

gateway,	-480.00,	-64.00,	-90.00,	-0.00

tower_straight,	288.00,	-384.00,	90.00,	0.00
tower_straight,	448.00,	416.00,	-180.00,	0.00

straight_link,	-480.00,	-288.00,	-90.00,	0.00
straight_link,	416.00,	416.00,	-180.00,	0.00

external_right_link,	-480.00,	-416.00,	-90.00,	0.00

external_left_link,	-416.00,	-480.00,	0.00,	0.00

external_right_link,	32.00,	-480.00,	0.00,	0.00

internal_left_link,	96.00,	-416.00,	0.00,	0.00

external_left_link,	288.00,	480.00,	-180.00,	0.00

external_right_link,	-288.00,	480.00,	-180.00,	0.00

straight,	352.00,	-192.00,	90.00,	0.00

straight_link,	-480.00,	-224.00,	-90.00,	0.00

straight,	256.00,	-416.00,	0.00,	0.00
straight,	256.00,	480.00,	180.00,	0.00
straight,	-480.00,	-256.00,	-90.00,	0.00

tower_straight,	-320.00,	448.00,	-135.00,	0.00

straight,	480.00,	256.00,	90.00,	0.00

tower_straight,	416.00,	64.00,	90.00,	0.00

straight,	384.00,	0.00,	45.00,	0.00
straight,	352.00,	-64.00,	90.00,	0.00

internal_left_link,	-352.00,	416.00,	-180.00,	0.00

straight_link,	416.00,	96.00,	90.00,	0.00

straight,	-256.00,	-480.00,	0.00,	0.00

tower_straight,	192.00,	-416.00,	0.00,	0.00

straight_link,	224.00,	-416.00,	0.00,	0.00
straight_link,	160.00,	-416.00,	0.00,	0.00

tower_straight,	352.00,	-128.00,	90.00,	0.00

straight_link,	352.00,	-160.00,	90.00,	0.00
straight_link,	352.00,	-96.00,	90.00,	0.00

straight,	-320.00,	-480.00,	0.00,	0.00

straight_link,	-288.00,	-480.00,	0.00,	0.00
straight_link,	-352.00,	-480.00,	0.00,	0.00

straight,	-416.00,	384.00,	-90.00,	0.00

gateway,	-64.00,	288.00,	-180.00,	0.00
gateway,	-128.00,	-416.00,	0.00,	0.00

straight,	-0.00,	288.00,	180.00,	0.00
straight,	384.00,	416.00,	180.00,	0.00

external_left_link,	480.00,	224.00,	90.00,	0.00
external_left_link,	416.00,	32.00,	90.00,	0.00
external_left_link,	352.00,	-224.00,	90.00,	0.00

straight,	-32.00,	-448.00,	-90.00,	0.00
straight,	-64.00,	-416.00,	0.00,	0.00
straight,	-192.00,	-416.00,	0.00,	0.00
straight,	-128.00,	288.00,	180.00,	0.00

tower_straight,	-160.00,	320.00,	90.00,	0.00
tower_straight,	-160.00,	448.00,	90.00,	0.00
tower_straight,	32.00,	320.00,	-90.00,	0.00
tower_straight,	32.00,	448.00,	-90.00,	0.00

straight,	-160.00,	384.00,	90.00,	0.00

tower_straight,	192.00,	480.00,	180.00,	0.00

straight,	128.00,	480.00,	180.00,	0.00
straight,	64.00,	480.00,	180.00,	0.00
straight,	-192.00,	480.00,	180.00,	0.00
straight,	-480.00,	0.00,	-90.00,	0.00
straight,	-480.00,	64.00,	-90.00,	0.00
straight,	-480.00,	192.00,	-90.00,	0.00
straight,	-480.00,	256.00,	-90.00,	0.00
straight,	-448.00,	320.00,	-135.00,	0.00

straight_link,	-480.00,	96.00,	-90.00,	0.00
straight_link,	-480.00,	160.00,	-90.00,	0.00
straight_link,	-480.00,	224.00,	-90.00,	0.00

external_left_link,	-480.00,	288.00,	-90.00,	0.00

straight_link,	32.00,	416.00,	-90.00,	0.00
straight_link,	32.00,	352.00,	-90.00,	0.00
straight_link,	-160.00,	352.00,	90.00,	0.00
straight_link,	-160.00,	416.00,	90.00,	0.00
straight_link,	288.00,	-352.00,	90.00,	0.00
straight_link,	-224.00,	480.00,	180.00,	0.00
straight_link,	96.00,	480.00,	180.00,	0.00
straight_link,	160.00,	480.00,	180.00,	0.00
straight_link,	224.00,	480.00,	180.00,	0.00

tower_straight,	-480.00,	128.00,	-90.00,	0.00

straight,	320.00,	-256.00,	45.00,	0.00

tower_straight,	-224.00,	-448.00,	90.00,	0.00

external_corner_link,	-160.00,	480.00,	-180.00,	0.00
external_corner_link,	480.00,	416.00,	-180.00,	0.00
external_corner_link,	288.00,	-416.00,	90.00,	0.00
external_corner_link,	-224.00,	-480.00,	90.00,	0.00
external_corner_link,	-32.00,	-480.00,	0.00,	0.00
external_corner_link,	32.00,	480.00,	-90.00,	0.00

internal_corner_link,	-32.00,	-416.00,	0.00,	0.00
internal_corner_link,	-224.00,	-416.00,	90.00,	0.00
internal_corner_link,	-160.00,	288.00,	-180.00,	0.00
internal_corner_link,	32.00,	288.00,	-90.00,	0.00

internal_right_link,	288.00,	-288.00,	90.00,	0.00
internal_right_link,	352.00,	-32.00,	90.00,	0.00
internal_right_link,	416.00,	160.00,	90.00,	0.00
internal_right_link,	352.00,	416.00,	180.00,	0.00
internal_right_link,	-416.00,	352.00,	-90.00,	0.00

straight_link,	-480.00,	32.00,	-90.00,	0.00
straight_link,	-480.00,	-352.00,	-90.00,	0.00
straight_link,	-480.00,	-160.00,	-90.00,	0.00

straight,	-480.00,	-128.00,	-90.00,	0.00


	}


; ROAD JOINERS

gateway_slot_into_flat_town,	-128.00,	-448.00,	-90.00,	0.00
gateway_slot_into_flat_town,	512.00,	320.00,	0.00,	0.00
gateway_slot_into_flat_town,	-64.00,	320.00,	90.00,	0.00
gateway_slot_into_flat_town,	-512.00,	-64.00,	180.00,	0.00

; SLOTS


slot_160x128_religious,	193.38,	233.15,	0.00,	0.00
slot_160x128_market,	-264.53,	-28.78,	-180.00,	0.00
BI_siege_engineer_barbarian,	-374.34,	-151.90,	0.00,	0.00
BI_barb_stables_lvl_5,	24.00,	-223.37,	90.00,	-0.00
slot_256x192_core_building,	194.83,	1.49,	-90.00,	-0.00
BI_barb_barracks_lvl_5,	-205.47,	135.70,	-35.00,	0.00
slot_112x64_academic,	-344.94,	242.92,	-125.00,	0.00
slot_48x32_smith,	-207.30,	-230.28,	-90.00,	0.00
slot_plaza_barbarian_128x128m,	-22.86,	0.00,	-90.00,	0.00

; COLLISION

dummy_collision_planA,	-406.69,	114.38,	-90.00,	0
dummy_collision_planA,	-386.89,	-279.70,	-90.00,	0
dummy_collision_planA,	-380.54,	-368.40,	0.00,	0
dummy_collision_planA,	137.80,	-239.64,	-90.00,	0
dummy_collision_planA,	-288.87,	369.70,	0.00,	0
dummy_collision_planA,	333.93,	94.97,	80.00,	0
dummy_collision_planA,	-24.12,	212.09,	-180.00,	0
dummy_collision_planA,	172.26,	410.19,	-180.00,	0
dummy_collision_planB,	50.22,	183.64,	5.00,	0
dummy_collision_planB,	-196.66,	333.39,	95.00,	0
dummy_collision_planB,	351.33,	220.72,	15.00,	0
dummy_collision_planB,	239.12,	-272.87,	95.00,	0
dummy_collision_planB,	184.71,	-226.35,	-80.00,	0
dummy_collision_planB,	-300.11,	-397.64,	115.00,	0
dummy_collision_planB,	-159.26,	215.54,	-90.00,	0
dummy_collision_planB,	395.16,	367.08,	-180.00,	0
dummy_collision_planB,	8.93,	-389.76,	-80.00,	0
dummy_collision_planB,	-156.10,	-102.75,	100.00,	0
dummy_collision_planC,	-114.19,	-345.38,	-90.00,	0
dummy_collision_planC,	210.93,	-155.56,	90.00,	0
dummy_collision_planC,	-398.34,	275.42,	145.00,	0
dummy_collision_planC,	237.17,	390.70,	-180.00,	0
dummy_collision_planC,	-51.72,	-174.70,	0.00,	0
dummy_collision_planC,	-194.07,	-313.22,	0.00,	0
dummy_collision_planC,	-155.36,	-15.08,	-180.00,	0
dummy_collision_planC,	-379.95,	-214.58,	90.00,	0
dummy_collision_planC,	-283.54,	66.95,	-90.00,	0
dummy_collision_planD,	104.79,	393.04,	-180.00,	0
dummy_collision_planD,	-279.71,	174.14,	-35.00,	0
dummy_collision_planD,	-223.94,	404.12,	0.00,	0
dummy_collision_planD,	135.59,	-324.95,	0.00,	0
dummy_collision_planD,	19.26,	148.50,	90.00,	0
dummy_collision_planD,	-372.55,	-55.72,	-180.00,	0
dummy_collision_planD,	336.15,	336.42,	175.00,	0
dummy_collision_planD,	-120.39,	-285.21,	-90.00,	0
dummy_collision_planD,	-311.39,	-300.86,	0.00,	0
dummy_collision_planE,	186.20,	349.45,	-180.00,	0
dummy_collision_planE,	-271.86,	318.18,	175.00,	0
dummy_collision_planE,	-114.20,	179.67,	-10.00,	0
dummy_collision_planE,	280.55,	-154.33,	90.00,	0
dummy_collision_planE,	-43.46,	139.70,	90.00,	0
dummy_collision_planE,	-416.37,	169.52,	175.00,	0
dummy_collision_planE,	-348.66,	373.39,	0.00,	0
dummy_collision_planE,	349.14,	192.28,	15.00,	0
dummy_collision_planE,	318.97,	41.05,	175.00,	0
dummy_collision_planE,	-143.53,	91.70,	55.00,	0
dummy_collision_planE,	256.62,	-212.00,	-95.00,	0
dummy_collision_planE,	-373.49,	-421.06,	0.00,	0
dummy_collision_planF,	201.47,	-340.43,	0.00,	0
dummy_collision_planF,	-149.35,	-226.13,	0.00,	0
dummy_collision_planF,	-233.88,	-126.69,	0.00,	0
dummy_collision_planF,	-225.86,	265.05,	-5.00,	0
dummy_collision_planF,	-295.86,	-218.65,	90.00,	0
dummy_collision_planF,	389.95,	280.83,	-180.00,	0
dummy_collision_planF,	125.23,	-165.98,	-90.00,	0
dummy_collision_planF,	-375.56,	18.19,	-90.00,	0


; BUILDINGS


tree_A,	-334.15,	330.68,	-90.00,	0.00

tree_C,	-224.45,	429.04,	-90.00,	0.00

tree_E,	-224.50,	78.40,	-90.00,	0.00

tree_F,	-94.77,	215.32,	-90.00,	0.00

tree_C,	-282.64,	379.87,	-90.00,	0.00

tree_E,	-126.60,	231.20,	-90.00,	0.00

tree_F,	-152.21,	174.04,	-90.00,	0.00

tree_A,	-304.53,	313.41,	-90.00,	0.00

tree_C,	-299.55,	414.40,	-90.00,	0.00

tree_E,	-228.33,	272.10,	-90.00,	0.00

tree_F,	-348.51,	172.92,	-90.00,	0.00

tree_A,	-364.97,	347.19,	-90.00,	0.00

tree_C,	-391.15,	282.30,	-90.00,	0.00

tree_E,	-225.73,	315.26,	-90.00,	0.00

tree_F,	-271.26,	193.19,	-90.00,	0.00

tree_A,	-410.78,	219.21,	-90.00,	0.00

tree_C,	-288.12,	-379.29,	-90.00,	0.00

tree_E,	-373.34,	-356.35,	-90.00,	0.00

tree_F,	-426.48,	-323.43,	-90.00,	0.00

tree_A,	-238.46,	-357.46,	-90.00,	0.00

tree_C,	-263.16,	-365.03,	-90.00,	0.00

tree_E,	-412.50,	-415.73,	-90.00,	0.00

tree_F,	-312.69,	-285.43,	-90.00,	0.00

tree_A,	-228.23,	-372.19,	-90.00,	0.00

tree_C,	-132.74,	-173.12,	-90.00,	0.00

tree_E,	-128.65,	-339.25,	-90.00,	0.00

tree_F,	-60.19,	-305.38,	-90.00,	0.00

tree_A,	-311.57,	-228.25,	-90.00,	0.00

tree_C,	-193.75,	-180.72,	-90.00,	0.00

tree_E,	-231.46,	-210.52,	-90.00,	0.00

tree_F,	-11.00,	-376.16,	-90.00,	0.00

tree_A,	-203.95,	-330.86,	-90.00,	0.00

tree_C,	26.54,	-429.93,	-90.00,	0.00

tree_E,	-32.55,	-237.86,	-90.00,	0.00

tree_F,	97.67,	-208.27,	-90.00,	0.00

tree_A,	173.11,	-290.78,	-90.00,	0.00

tree_C,	45.81,	-412.83,	-90.00,	0.00

tree_E,	191.93,	-161.38,	-90.00,	0.00

tree_F,	102.21,	-291.40,	-90.00,	0.00

tree_A,	105.92,	-371.53,	-90.00,	0.00

tree_C,	76.00,	-380.53,	-90.00,	0.00

tree_E,	131.87,	-227.88,	-90.00,	0.00

tree_F,	140.00,	-157.91,	-90.00,	0.00

tree_A,	244.89,	-358.71,	-90.00,	0.00

tree_C,	155.12,	-374.83,	-90.00,	0.00

tree_E,	165.38,	-191.31,	-90.00,	0.00

tree_F,	287.04,	-220.62,	-90.00,	0.00

tree_A,	252.28,	-245.65,	-90.00,	0.00

tree_C,	-135.38,	-141.20,	-90.00,	0.00

tree_E,	-96.81,	-105.61,	-90.00,	0.00

tree_F,	-145.34,	-73.44,	-90.00,	0.00

tree_A,	-89.31,	-244.51,	-90.00,	0.00

tree_C,	-60.32,	-190.43,	-90.00,	0.00

tree_E,	-37.51,	-107.93,	-90.00,	0.00

tree_F,	-129.23,	62.80,	-90.00,	0.00

tree_A,	69.32,	136.58,	-90.00,	0.00

tree_C,	84.86,	170.06,	-90.00,	0.00

tree_E,	-17.85,	116.60,	-90.00,	0.00

tree_F,	-88.50,	133.02,	-90.00,	0.00

tree_A,	70.47,	107.56,	-90.00,	0.00

tree_C,	78.27,	221.36,	-90.00,	0.00

tree_E,	110.32,	143.87,	-90.00,	0.00

tree_F,	-102.01,	104.93,	-90.00,	0.00

tree_A,	-155.97,	-3.54,	-90.00,	0.00

tree_C,	-435.40,	4.67,	-90.00,	0.00

tree_E,	-442.61,	95.50,	-90.00,	0.00

tree_F,	-380.05,	164.07,	-90.00,	0.00

tree_A,	-429.13,	-253.33,	-90.00,	0.00

tree_C,	-263.89,	-266.80,	-90.00,	0.00

tree_E,	-269.99,	124.40,	-90.00,	0.00

tree_F,	-330.91,	123.54,	-90.00,	0.00

tree_A,	-360.10,	-221.80,	-90.00,	0.00

tree_C,	-260.16,	-186.86,	-90.00,	0.00

tree_E,	-339.46,	60.53,	-90.00,	0.00

tree_F,	-357.95,	144.18,	-90.00,	0.00

tree_A,	-395.77,	-215.00,	-90.00,	0.00

tree_C,	-305.61,	-175.93,	-90.00,	0.00

tree_E,	-435.92,	-119.25,	-90.00,	0.00

tree_F,	-404.89,	-18.77,	-90.00,	0.00

tree_A,	-280.96,	-105.03,	-90.00,	0.00

tree_E,	36.72,	-4.38,	-90.00,	0.00

tree_F,	-19.71,	56.46,	-90.00,	0.00

tree_A,	-38.37,	-52.26,	-90.00,	0.00

tree_C,	-92.41,	-13.95,	-90.00,	0.00

tree_F,	333.13,	12.36,	-90.00,	0.00

tree_A,	75.20,	-217.39,	-90.00,	0.00

tree_C,	307.57,	42.41,	-90.00,	0.00

tree_E,	168.07,	139.42,	-90.00,	0.00

tree_F,	306.42,	-137.55,	-90.00,	0.00

tree_A,	304.32,	-54.34,	-90.00,	0.00

tree_C,	305.12,	-102.23,	-90.00,	0.00

tree_E,	369.85,	46.51,	-90.00,	0.00

tree_F,	277.64,	140.45,	-90.00,	0.00

tree_A,	369.41,	142.45,	-90.00,	0.00

tree_C,	227.31,	138.86,	-90.00,	0.00

tree_E,	334.74,	108.74,	-90.00,	0.00

tree_F,	281.37,	243.91,	-90.00,	0.00

tree_A,	145.34,	356.65,	-90.00,	0.00

tree_C,	437.22,	373.10,	-90.00,	0.00

tree_E,	283.53,	171.71,	-90.00,	0.00

tree_F,	332.75,	253.93,	-90.00,	0.00

tree_A,	79.65,	441.02,	-90.00,	0.00

tree_C,	95.21,	333.55,	-90.00,	0.00

tree_E,	311.70,	168.55,	-90.00,	0.00

tree_F,	303.44,	289.79,	-90.00,	0.00

tree_A,	281.31,	389.34,	-90.00,	0.00

tree_C,	71.70,	317.73,	-90.00,	0.00

tree_E,	399.99,	195.44,	-90.00,	0.00

tree_F,	419.15,	222.82,	-90.00,	0.00

tree_A,	272.57,	330.28,	-90.00,	0.00

tree_C,	342.45,	314.56,	-90.00,	0.00

tree_E,	436.60,	254.50,	-90.00,	0.00


BI_barn,	-265.50,	-312.12,	-179.70,	0.00
BI_barn,	-218.08,	-188.78,	95.30,	0.00

BI_oast,	-114.12,	-180.51,	-71.01,	-0.06

BI_barn,	-62.46,	-273.23,	5.30,	0.00

BI_oast,	-28.55,	-370.10,	-141.01,	-0.06

BI_houseC,	-265.29,	-355.96,	0.00,	0.00
BI_houseC,	-274.06,	-390.22,	60.00,	0.00
BI_houseC,	-237.21,	-370.57,	90.00,	0.00
BI_houseC,	-402.67,	-438.83,	60.00,	0.00

BI_barn,	-426.47,	-382.37,	-179.70,	0.00

BI_houseC,	-308.05,	-121.23,	0.00,	0.00
BI_houseC,	-280.53,	-155.00,	0.00,	0.00
BI_houseC,	-435.55,	-96.03,	0.00,	0.00
BI_houseC,	-428.11,	-62.55,	0.00,	0.00

BI_barn,	-435.22,	30.32,	-179.70,	0.00

BI_oast,	-435.16,	-16.00,	-96.01,	-0.06
BI_oast,	-440.77,	70.78,	-96.01,	-0.06

BI_barn,	-194.85,	59.69,	-124.70,	0.00

BI_houseC,	-159.35,	42.81,	0.00,	0.00

BI_oast,	-441.07,	202.93,	103.99,	-0.06

BI_houseC,	-444.39,	270.20,	0.00,	0.00

BI_oast,	-264.64,	434.77,	103.99,	-0.06

BI_houseC,	-193.99,	207.26,	0.00,	0.00

BI_barn,	82.08,	287.16,	175.30,	0.00
BI_barn,	121.27,	328.11,	87.47,	0.00
BI_barn,	303.20,	-20.86,	175.30,	0.00
BI_barn,	244.93,	-331.73,	175.30,	0.00

BI_oast,	288.52,	-199.06,	-141.01,	-0.06

BI_houseC,	103.26,	-278.22,	90.00,	0.00
BI_houseC,	261.33,	-252.82,	43.57,	0.00

BI_oast,	309.96,	8.64,	177.11,	-0.06

BI_fence_straight,	220.09,	-305.33,	-95.00,	0.00

BI_fence_L_shape,	197.47,	-296.16,	85.00,	0.00

BI_fence_gate,	228.94,	-246.14,	95.00,	0.00

BI_fence_L_shape,	199.81,	-269.59,	-5.00,	0.00

BI_fence_straight,	239.56,	-260.68,	5.00,	0.00

BI_menhir,	238.44,	-303.75,	95.00,	0.00

BI_houseD,	236.14,	-247.47,	7.52,	0.00

BI_houseC,	229.69,	-303.68,	95.00,	0.00

BI_houseB,	238.83,	-284.85,	-176.55,	0.00

BI_houseA,	221.98,	-257.05,	178.52,	0.00

BI_fence_gate,	-32.36,	-158.15,	-0.98,	0.00
BI_fence_gate,	-42.33,	-130.76,	100.39,	0.00

BI_fence_straight,	-70.69,	-152.34,	-2.39,	0.00

BI_houseB,	-59.29,	-134.07,	-70.84,	0.00

BI_house_half_wood,	-34.73,	-140.89,	-0.21,	0.00

BI_fence_gate,	-41.43,	-218.68,	91.19,	0.00

BI_fence_straight,	-29.28,	-191.60,	-2.39,	0.00
BI_fence_straight,	-77.30,	-208.92,	6.49,	0.00

BI_fence_gate,	-73.50,	-190.20,	-3.12,	0.00

BI_houseC,	-76.14,	-196.59,	0.00,	0.00

BI_house_half_wood,	-33.76,	-206.80,	-0.21,	0.00

BI_barn,	-61.38,	-214.57,	90.54,	0.00

BI_houseB,	-33.30,	-175.33,	-179.12,	0.00

BI_houseA,	-72.66,	-175.28,	-7.25,	0.00

BI_fence_L_shape_wood,	123.65,	-355.61,	92.61,	0.00
BI_fence_L_shape_wood,	150.30,	-354.36,	-177.39,	0.00
BI_fence_L_shape_wood,	121.20,	-295.73,	2.97,	0.00

BI_barn,	151.54,	-323.76,	-179.70,	0.00

BI_cider_house,	146.31,	-351.22,	-145.00,	0.00

BI_fence_gate_wood,	115.21,	-311.95,	2.97,	0.00

BI_fence_L_shape_wood,	147.82,	-294.33,	-87.03,	0.00

BI_fence_straight_wood,	116.85,	-332.66,	-2.39,	0.00

BI_oast,	134.99,	-330.90,	-9.09,	0.00

BI_menhir,	148.60,	-296.71,	0.00,	0.00

BI_cider_house,	126.77,	-351.25,	0.00,	0.00

BI_houseD,	116.52,	-318.95,	172.37,	0.00

BI_fence_straight_wood,	343.47,	204.87,	106.54,	0.00
BI_fence_straight_wood,	367.97,	198.85,	19.50,	0.00

BI_fence_gate_wood,	355.86,	208.31,	105.78,	0.00

BI_fence_L_shape_wood,	338.51,	182.24,	102.90,	0.00

BI_houseD,	331.00,	198.33,	105.52,	0.00

BI_houseC,	362.58,	208.10,	15.00,	0.00

BI_houseA,	362.24,	183.51,	119.18,	0.00

BI_oast,	220.63,	-359.75,	-161.01,	-0.06

BI_fence_straight_wood,	207.63,	-360.13,	83.50,	0.00
BI_fence_straight_wood,	229.14,	-342.07,	1.99,	0.00
BI_fence_straight_wood,	197.62,	-313.16,	-88.01,	0.00

BI_fence_L_shape_wood,	221.16,	-319.00,	-88.01,	0.00
BI_fence_L_shape_wood,	174.54,	-320.64,	1.99,	0.00

BI_fence_straight_wood,	168.71,	-344.18,	1.99,	0.00

BI_barn,	183.67,	-360.24,	84.53,	0.00

BI_fence_gate,	-386.19,	-248.18,	-90.00,	0.00
BI_fence_gate,	-355.29,	-260.04,	10.00,	0.00

BI_fence_L_shape,	-350.26,	-307.06,	-170.00,	0.00

BI_fence_straight,	-372.10,	-317.67,	100.00,	0.00

BI_house_half_wood,	-409.41,	-288.77,	9.62,	0.00

BI_fence_gate,	-384.80,	-319.71,	-90.00,	0.00

BI_fence_L_shape,	-401.70,	-315.28,	101.13,	0.00

BI_fence_straight,	-415.89,	-265.35,	3.64,	0.00

BI_oast,	-364.66,	-306.99,	10.00,	0.00

BI_cider_house,	-397.39,	-311.46,	100.00,	0.00

BI_house_half_wood,	-369.17,	-252.19,	-90.21,	0.00

BI_barn,	-355.58,	-281.04,	15.54,	0.00

BI_houseB,	-403.21,	-251.08,	-90.00,	0.00

BI_fence_straight,	17.76,	202.66,	175.00,	0.00

BI_fence_L_shape,	26.93,	225.28,	-5.00,	0.00

BI_fence_gate,	76.95,	193.82,	5.00,	0.00

BI_fence_L_shape,	53.50,	222.95,	-95.00,	0.00

BI_fence_straight,	62.41,	183.20,	-85.00,	0.00

BI_menhir,	19.34,	184.32,	5.00,	0.00

BI_houseD,	75.62,	186.62,	-82.48,	0.00

BI_houseC,	19.41,	193.07,	5.00,	0.00

BI_houseB,	38.24,	183.93,	93.45,	0.00

BI_houseA,	66.04,	200.77,	88.52,	0.00

BI_fence_gate,	-396.51,	-195.22,	89.02,	0.00
BI_fence_gate,	-423.90,	-205.19,	-169.61,	0.00

BI_fence_straight,	-402.31,	-233.55,	87.61,	0.00

BI_houseB,	-420.59,	-222.15,	19.16,	0.00

BI_house_half_wood,	-413.76,	-197.60,	89.79,	0.00

BI_fence_gate,	-335.98,	-204.29,	-178.81,	0.00

BI_fence_straight,	-363.06,	-192.14,	87.61,	0.00
BI_fence_straight,	-345.73,	-240.16,	96.49,	0.00

BI_fence_gate,	-364.46,	-236.36,	86.88,	0.00

BI_houseC,	-358.07,	-239.00,	90.00,	0.00

BI_house_half_wood,	-347.86,	-196.62,	89.79,	0.00

BI_barn,	-340.09,	-224.24,	-179.46,	0.00

BI_houseB,	-379.33,	-196.16,	-89.12,	0.00

BI_houseA,	-379.38,	-235.52,	82.75,	0.00

BI_fence_L_shape_wood,	49.92,	136.56,	-177.39,	0.00
BI_fence_L_shape_wood,	48.67,	163.21,	-87.39,	0.00
BI_fence_L_shape_wood,	-9.96,	134.10,	92.97,	0.00

BI_barn,	18.07,	164.45,	-89.70,	0.00

BI_cider_house,	45.53,	159.22,	-55.00,	0.00

BI_fence_gate_wood,	6.26,	128.12,	92.97,	0.00

BI_fence_L_shape_wood,	-11.36,	160.73,	2.97,	0.00

BI_fence_straight_wood,	26.97,	129.76,	87.61,	0.00

BI_oast,	25.21,	147.90,	80.91,	0.00

BI_menhir,	-8.98,	161.50,	90.00,	0.00

BI_cider_house,	45.56,	139.68,	90.00,	0.00

BI_houseD,	13.26,	129.43,	-97.63,	0.00

BI_fence_straight_wood,	-57.09,	137.48,	-178.46,	0.00
BI_fence_straight_wood,	-44.93,	159.59,	94.50,	0.00

BI_fence_gate_wood,	-57.20,	150.34,	-179.22,	0.00

BI_fence_L_shape_wood,	-36.51,	126.84,	177.90,	0.00

BI_houseD,	-53.99,	123.74,	-179.48,	0.00

BI_houseC,	-55.26,	156.77,	90.00,	0.00

BI_houseA,	-31.59,	150.08,	-165.82,	0.00

BI_oast,	-276.54,	-199.48,	-71.01,	-0.06

BI_fence_straight_wood,	-276.17,	-212.48,	173.50,	0.00
BI_fence_straight_wood,	-294.23,	-190.98,	91.99,	0.00
BI_fence_straight_wood,	-323.13,	-222.49,	1.99,	0.00

BI_fence_L_shape_wood,	-317.30,	-198.95,	1.99,	0.00
BI_fence_L_shape_wood,	-315.66,	-245.58,	91.99,	0.00

BI_fence_straight_wood,	-292.12,	-251.41,	91.99,	0.00

BI_barn,	-276.06,	-236.45,	174.53,	0.00

BI_fence_gate,	7.40,	211.38,	-180.00,	0.00
BI_fence_gate,	-4.47,	180.49,	-80.00,	0.00

BI_fence_L_shape,	-51.49,	175.46,	100.00,	0.00

BI_fence_straight,	-62.09,	197.30,	10.00,	0.00

BI_house_half_wood,	-33.19,	234.61,	-80.38,	0.00

BI_fence_gate,	-64.13,	209.99,	-180.00,	0.00

BI_fence_L_shape,	-59.70,	226.90,	11.13,	0.00

BI_fence_straight,	-9.77,	241.09,	-86.36,	0.00

BI_oast,	-51.41,	189.86,	-80.00,	0.00

BI_cider_house,	-55.88,	222.59,	10.00,	0.00

BI_house_half_wood,	3.39,	194.37,	179.79,	0.00

BI_barn,	-25.46,	180.78,	-74.46,	0.00

BI_houseB,	4.50,	228.41,	-180.00,	0.00

BI_fence_straight,	-172.22,	-136.75,	-90.00,	0.00

BI_fence_L_shape,	-195.55,	-129.58,	90.00,	0.00

BI_fence_gate,	-168.57,	-77.01,	100.00,	0.00

BI_fence_L_shape,	-195.55,	-102.91,	0.00,	0.00

BI_fence_straight,	-156.72,	-90.57,	10.00,	0.00

BI_menhir,	-154.08,	-133.58,	100.00,	0.00

BI_houseD,	-161.28,	-77.71,	12.52,	0.00

BI_houseC,	-162.80,	-134.27,	100.00,	0.00

BI_houseB,	-155.34,	-114.71,	-171.55,	0.00

BI_houseA,	-174.55,	-88.49,	-176.48,	0.00

BI_fence_gate,	-174.72,	-31.63,	179.02,	0.00
BI_fence_gate,	-164.74,	-59.02,	-79.61,	0.00

BI_fence_straight,	-136.38,	-37.44,	177.61,	0.00

BI_houseB,	-147.79,	-55.71,	109.16,	0.00

BI_house_half_wood,	-172.34,	-48.89,	179.79,	0.00

BI_fence_gate,	-165.64,	28.90,	-88.81,	0.00

BI_fence_straight,	-177.80,	1.82,	177.61,	0.00
BI_fence_straight,	-129.77,	19.14,	-173.51,	0.00

BI_fence_gate,	-133.58,	0.42,	176.88,	0.00

BI_houseC,	-130.94,	6.81,	-180.00,	0.00

BI_house_half_wood,	-173.32,	17.02,	179.79,	0.00

BI_barn,	-145.70,	24.79,	-89.46,	0.00

BI_houseB,	-173.78,	-14.45,	0.88,	0.00

BI_houseA,	-134.42,	-14.50,	172.75,	0.00

BI_fence_L_shape_wood,	-360.62,	-25.06,	-87.39,	0.00
BI_fence_L_shape_wood,	-387.26,	-26.31,	2.61,	0.00
BI_fence_L_shape_wood,	-358.16,	-84.94,	-177.03,	0.00

BI_barn,	-388.50,	-56.91,	0.30,	0.00

BI_cider_house,	-383.27,	-29.45,	35.00,	0.00

BI_fence_gate_wood,	-352.17,	-68.72,	-177.03,	0.00

BI_fence_L_shape_wood,	-384.78,	-86.34,	92.97,	0.00

BI_fence_straight_wood,	-353.81,	-48.01,	177.61,	0.00

BI_oast,	-371.95,	-49.76,	170.91,	0.00

BI_menhir,	-385.56,	-83.95,	-180.00,	0.00

BI_cider_house,	-363.73,	-29.42,	-180.00,	0.00

BI_houseD,	-353.48,	-61.72,	-7.63,	0.00

BI_fence_straight_wood,	-155.97,	97.70,	146.54,	0.00
BI_fence_straight_wood,	-133.33,	108.84,	59.50,	0.00

BI_fence_gate_wood,	-148.69,	108.31,	145.78,	0.00

BI_fence_L_shape_wood,	-145.22,	77.18,	142.90,	0.00

BI_houseD,	-161.31,	84.68,	145.52,	0.00

BI_houseC,	-143.40,	112.46,	55.00,	0.00

BI_houseA,	-127.85,	93.40,	159.18,	0.00

BI_oast,	-214.72,	-146.01,	-161.01,	-0.06

BI_fence_straight_wood,	-227.71,	-146.39,	83.50,	0.00
BI_fence_straight_wood,	-206.21,	-128.33,	1.99,	0.00
BI_fence_straight_wood,	-237.72,	-99.43,	-88.01,	0.00

BI_fence_L_shape_wood,	-214.18,	-105.26,	-88.01,	0.00
BI_fence_L_shape_wood,	-260.81,	-106.90,	1.99,	0.00

BI_fence_straight_wood,	-266.64,	-130.44,	1.99,	0.00

BI_barn,	-251.68,	-146.50,	84.53,	0.00

BI_fence_gate,	-405.98,	145.90,	-90.00,	0.00
BI_fence_gate,	-375.09,	134.04,	10.00,	0.00

BI_fence_L_shape,	-370.06,	87.02,	-170.00,	0.00

BI_fence_straight,	-391.90,	76.41,	100.00,	0.00

BI_house_half_wood,	-429.21,	105.31,	9.62,	0.00

BI_fence_gate,	-404.59,	74.38,	-90.00,	0.00

BI_fence_L_shape,	-421.50,	78.81,	101.13,	0.00

BI_fence_straight,	-435.69,	128.74,	3.64,	0.00

BI_oast,	-384.46,	87.09,	10.00,	0.00

BI_cider_house,	-417.19,	82.62,	100.00,	0.00

BI_house_half_wood,	-388.97,	141.89,	-90.21,	0.00

BI_barn,	-375.38,	113.04,	15.54,	0.00

BI_houseB,	-423.01,	143.01,	-90.00,	0.00

BI_fence_straight,	-137.47,	246.22,	80.00,	0.00

BI_fence_L_shape,	-115.74,	235.11,	-100.00,	0.00

BI_fence_gate,	-151.44,	188.02,	-90.00,	0.00

BI_fence_L_shape,	-120.38,	208.84,	170.00,	0.00

BI_fence_straight,	-160.76,	203.43,	180.00,	0.00

BI_menhir,	-155.89,	246.24,	-90.00,	0.00

BI_houseD,	-158.50,	189.98,	-177.48,	0.00

BI_houseC,	-147.18,	245.41,	-90.00,	0.00

BI_houseB,	-157.92,	227.45,	-1.55,	0.00

BI_houseA,	-143.56,	198.28,	-6.48,	0.00

BI_fence_gate,	-266.99,	47.60,	-90.98,	0.00
BI_fence_gate,	-239.59,	57.57,	10.39,	0.00

BI_fence_straight,	-261.18,	85.93,	-92.39,	0.00

BI_houseB,	-242.91,	74.53,	-160.84,	0.00

BI_house_half_wood,	-249.73,	49.97,	-90.21,	0.00

BI_fence_gate,	-327.51,	56.67,	1.19,	0.00

BI_fence_straight,	-300.44,	44.52,	-92.39,	0.00
BI_fence_straight,	-317.76,	92.54,	-83.51,	0.00

BI_fence_gate,	-299.03,	88.74,	-93.12,	0.00

BI_houseC,	-305.42,	91.38,	-90.00,	0.00

BI_house_half_wood,	-315.63,	48.99,	-90.21,	0.00

BI_barn,	-323.41,	76.61,	0.54,	0.00

BI_houseB,	-284.17,	48.53,	90.88,	0.00

BI_houseA,	-284.12,	87.90,	-97.25,	0.00

BI_fence_L_shape_wood,	-307.07,	155.87,	57.61,	0.00
BI_fence_L_shape_wood,	-284.53,	141.62,	147.61,	0.00
BI_fence_L_shape_wood,	-274.74,	206.34,	-32.03,	0.00

BI_barn,	-265.96,	165.97,	145.30,	0.00

BI_cider_house,	-286.00,	146.48,	180.00,	0.00

BI_fence_gate_wood,	-288.94,	196.48,	-32.03,	0.00

BI_fence_L_shape_wood,	-252.13,	192.21,	-122.03,	0.00

BI_fence_straight_wood,	-299.48,	178.58,	-37.39,	0.00

BI_oast,	-283.62,	169.61,	-44.09,	0.00

BI_menhir,	-252.86,	189.81,	-35.00,	0.00

BI_cider_house,	-302.01,	157.66,	-35.00,	0.00

BI_houseD,	-291.89,	190.00,	137.37,	0.00

BI_fence_straight_wood,	-114.02,	193.48,	81.54,	0.00
BI_fence_straight_wood,	-94.36,	177.66,	-5.50,	0.00

BI_fence_gate_wood,	-101.33,	191.36,	80.78,	0.00

BI_fence_L_shape_wood,	-128.07,	175.06,	77.90,	0.00

BI_houseD,	-128.08,	192.82,	80.52,	0.00

BI_houseC,	-95.34,	188.33,	-10.00,	0.00

BI_houseA,	-106.03,	166.18,	94.18,	0.00

BI_oast,	-394.88,	-0.98,	108.99,	-0.06

BI_fence_straight_wood,	-395.25,	12.02,	-6.50,	0.00
BI_fence_straight_wood,	-377.19,	-9.48,	-88.01,	0.00
BI_fence_straight_wood,	-348.29,	22.03,	-178.01,	0.00

BI_fence_L_shape_wood,	-354.12,	-1.51,	-178.01,	0.00
BI_fence_L_shape_wood,	-355.76,	45.12,	-88.01,	0.00

BI_fence_straight_wood,	-379.30,	50.95,	-88.01,	0.00

BI_barn,	-395.37,	35.99,	-5.47,	0.00

BI_fence_gate,	-320.40,	370.41,	0.00,	0.00
BI_fence_gate,	-308.53,	401.30,	100.00,	0.00

BI_fence_L_shape,	-261.51,	406.33,	-80.00,	0.00

BI_fence_straight,	-250.91,	384.49,	-170.00,	0.00

BI_house_half_wood,	-279.80,	347.18,	99.62,	0.00

BI_fence_gate,	-248.87,	371.80,	0.00,	0.00

BI_fence_L_shape,	-253.30,	354.89,	-168.87,	0.00

BI_fence_straight,	-303.23,	340.70,	93.64,	0.00

BI_oast,	-261.58,	391.94,	100.00,	0.00

BI_cider_house,	-257.11,	359.20,	-170.00,	0.00

BI_house_half_wood,	-316.38,	387.42,	-0.21,	0.00

BI_barn,	-287.53,	401.01,	105.54,	0.00

BI_houseB,	-317.50,	353.38,	0.00,	0.00

BI_fence_straight,	-215.68,	300.93,	-95.00,	0.00

BI_fence_L_shape,	-238.30,	310.10,	85.00,	0.00

BI_fence_gate,	-206.84,	360.12,	95.00,	0.00

BI_fence_L_shape,	-235.97,	336.67,	-5.00,	0.00

BI_fence_straight,	-196.22,	345.58,	5.00,	0.00

BI_menhir,	-197.34,	302.51,	95.00,	0.00

BI_houseD,	-199.64,	358.79,	7.52,	0.00

BI_houseC,	-206.09,	302.58,	95.00,	0.00

BI_houseB,	-196.95,	321.41,	-176.55,	0.00

BI_houseA,	-213.79,	349.21,	178.52,	0.00

BI_fence_gate,	-423.69,	272.96,	144.02,	0.00
BI_fence_gate,	-431.23,	244.80,	-114.61,	0.00

BI_fence_straight,	-395.62,	246.22,	142.61,	0.00

BI_houseB,	-415.44,	237.79,	74.16,	0.00

BI_house_half_wood,	-431.64,	257.46,	144.79,	0.00

BI_fence_gate,	-381.54,	317.34,	-123.81,	0.00

BI_fence_straight,	-407.02,	302.13,	142.61,	0.00
BI_fence_straight,	-357.75,	288.78,	151.49,	0.00

BI_fence_gate,	-371.61,	275.62,	141.88,	0.00

BI_houseC,	-365.78,	279.34,	145.00,	0.00

BI_house_half_wood,	-394.64,	312.01,	144.79,	0.00

BI_barn,	-367.56,	302.53,	-124.46,	0.00

BI_houseB,	-413.06,	286.50,	-34.12,	0.00

BI_houseA,	-380.85,	263.88,	137.75,	0.00

BI_fence_L_shape_wood,	-235.88,	373.46,	92.61,	0.00
BI_fence_L_shape_wood,	-209.23,	374.72,	-177.39,	0.00
BI_fence_L_shape_wood,	-238.34,	433.34,	2.97,	0.00

BI_barn,	-208.00,	405.31,	-179.70,	0.00

BI_cider_house,	-213.23,	377.85,	-145.00,	0.00

BI_fence_gate_wood,	-244.32,	417.13,	2.97,	0.00

BI_fence_L_shape_wood,	-211.72,	434.74,	-87.03,	0.00

BI_fence_straight_wood,	-242.68,	396.41,	-2.39,	0.00

BI_oast,	-224.55,	398.17,	-9.09,	0.00

BI_menhir,	-210.94,	432.36,	0.00,	0.00

BI_cider_house,	-232.76,	377.83,	0.00,	0.00

BI_houseD,	-243.01,	410.13,	172.37,	0.00

BI_fence_straight_wood,	-350.88,	387.02,	91.54,	0.00
BI_fence_straight_wood,	-328.77,	374.86,	4.50,	0.00

BI_fence_gate_wood,	-338.02,	387.13,	90.78,	0.00

BI_fence_L_shape_wood,	-361.52,	366.44,	87.90,	0.00

BI_houseD,	-364.62,	383.92,	90.52,	0.00

BI_houseC,	-331.59,	385.19,	0.00,	0.00

BI_houseA,	-338.28,	361.52,	104.18,	0.00

BI_oast,	-208.45,	244.13,	-166.01,	-0.06

BI_fence_straight_wood,	-221.43,	244.89,	78.50,	0.00
BI_fence_straight_wood,	-198.44,	261.01,	-3.01,	0.00
BI_fence_straight_wood,	-227.31,	292.55,	-93.01,	0.00

BI_fence_L_shape_wood,	-204.37,	284.69,	-93.01,	0.00
BI_fence_L_shape_wood,	-250.96,	287.12,	-3.01,	0.00

BI_fence_straight_wood,	-258.82,	264.17,	-3.01,	0.00

BI_barn,	-245.32,	246.87,	79.53,	0.00

BI_fence_straight_wood,	-291.80,	318.45,	179.50,	0.00

BI_fence_L_shape_wood,	-258.44,	323.98,	-97.10,	0.00

BI_houseD,	-256.88,	306.29,	-94.48,	0.00

BI_houseA,	-281.17,	330.90,	-80.82,	0.00

BI_houseC,	-289.90,	307.91,	175.00,	0.00

BI_fence_straight_wood,	-270.83,	304.41,	-93.46,	0.00

BI_fence_gate_wood,	-283.66,	305.41,	-94.22,	0.00

BI_fence_straight_wood,	-415.35,	155.75,	-93.46,	0.00
BI_fence_straight_wood,	-436.32,	169.79,	179.50,	0.00

BI_fence_gate_wood,	-428.17,	156.76,	-94.22,	0.00

BI_fence_L_shape_wood,	-402.96,	175.32,	-97.10,	0.00

BI_houseD,	-401.40,	157.64,	-94.48,	0.00

BI_houseC,	-434.41,	159.25,	175.00,	0.00

BI_houseA,	-425.69,	182.25,	-80.82,	0.00

BI_fence_gate,	327.77,	64.05,	80.00,	0.00
BI_fence_gate,	299.40,	81.10,	-180.00,	0.00

BI_fence_L_shape,	302.62,	128.28,	0.00,	0.00

BI_fence_straight,	325.96,	134.93,	-90.00,	0.00

BI_house_half_wood,	357.69,	100.00,	179.62,	0.00

BI_fence_gate,	338.82,	134.74,	80.00,	0.00

BI_fence_L_shape,	354.70,	127.44,	-88.87,	0.00

BI_fence_straight,	360.01,	75.80,	173.64,	0.00

BI_oast,	316.78,	125.71,	-180.00,	0.00

BI_cider_house,	349.79,	124.43,	-90.00,	0.00

BI_house_half_wood,	311.71,	70.96,	79.79,	0.00

BI_barn,	303.34,	101.73,	-174.46,	0.00

BI_houseB,	345.04,	63.95,	80.00,	0.00

BI_fence_straight,	316.05,	233.82,	-175.00,	0.00

BI_fence_L_shape,	321.16,	257.69,	5.00,	0.00

BI_fence_gate,	375.88,	235.39,	15.00,	0.00

BI_fence_L_shape,	347.73,	260.01,	-85.00,	0.00

BI_fence_straight,	363.41,	222.41,	-75.00,	0.00

BI_menhir,	320.80,	216.03,	15.00,	0.00

BI_houseD,	375.82,	228.07,	-72.48,	0.00

BI_houseC,	319.34,	224.66,	15.00,	0.00

BI_houseB,	339.48,	218.93,	103.45,	0.00

BI_houseA,	363.93,	240.34,	98.52,	0.00

BI_fence_gate,	194.37,	-136.21,	89.02,	0.00
BI_fence_gate,	166.98,	-146.18,	-169.61,	0.00

BI_fence_straight,	188.57,	-174.54,	87.61,	0.00

BI_houseB,	170.30,	-163.14,	19.16,	0.00

BI_house_half_wood,	177.12,	-138.58,	89.79,	0.00

BI_fence_gate,	254.90,	-145.28,	-178.81,	0.00

BI_fence_straight,	227.83,	-133.13,	87.61,	0.00
BI_fence_straight,	245.15,	-181.15,	96.49,	0.00

BI_fence_gate,	226.42,	-177.35,	86.88,	0.00

BI_houseC,	232.81,	-179.99,	90.00,	0.00

BI_house_half_wood,	243.02,	-137.60,	89.79,	0.00

BI_barn,	250.79,	-165.22,	-179.46,	0.00

BI_houseB,	211.55,	-137.14,	-89.12,	0.00

BI_houseA,	211.50,	-176.51,	82.75,	0.00

BI_fence_L_shape_wood,	350.72,	365.92,	-92.39,	0.00
BI_fence_L_shape_wood,	324.06,	366.99,	-2.39,	0.00
BI_fence_L_shape_wood,	347.95,	306.05,	177.97,	0.00

BI_barn,	320.16,	336.62,	-4.70,	0.00

BI_cider_house,	327.77,	363.52,	30.00,	0.00

BI_fence_gate_wood,	355.32,	321.68,	177.97,	0.00

BI_fence_L_shape_wood,	321.30,	306.98,	87.97,	0.00

BI_fence_straight_wood,	355.49,	342.46,	172.61,	0.00

BI_oast,	337.27,	342.29,	165.91,	0.00

BI_menhir,	320.74,	309.42,	175.00,	0.00

BI_cider_house,	347.23,	361.84,	175.00,	0.00

BI_houseD,	354.63,	328.77,	-12.63,	0.00

BI_fence_straight_wood,	270.39,	-210.98,	-3.46,	0.00
BI_fence_straight_wood,	256.35,	-231.95,	-90.50,	0.00

BI_fence_gate_wood,	269.39,	-223.80,	-4.22,	0.00

BI_fence_L_shape_wood,	250.82,	-198.59,	-7.10,	0.00

BI_houseD,	268.51,	-197.03,	-4.48,	0.00

BI_houseC,	266.89,	-230.04,	-95.00,	0.00

BI_houseA,	243.89,	-221.32,	9.18,	0.00

BI_fence_gate,	203.78,	409.49,	-180.00,	0.00
BI_fence_gate,	191.92,	378.59,	-80.00,	0.00

BI_fence_L_shape,	144.90,	373.56,	100.00,	0.00

BI_fence_straight,	134.29,	395.40,	10.00,	0.00

BI_house_half_wood,	163.19,	432.71,	-80.38,	0.00

BI_fence_gate,	132.25,	408.10,	-180.00,	0.00

BI_fence_L_shape,	136.68,	425.00,	11.13,	0.00

BI_fence_straight,	186.61,	439.19,	-86.36,	0.00

BI_oast,	144.97,	387.96,	-80.00,	0.00

BI_cider_house,	140.50,	420.69,	10.00,	0.00

BI_house_half_wood,	199.77,	392.47,	179.79,	0.00

BI_barn,	170.92,	378.88,	-74.46,	0.00

BI_houseB,	200.88,	426.51,	-180.00,	0.00

BI_fence_straight,	425.85,	345.30,	-10.00,	0.00

BI_fence_L_shape,	414.74,	323.57,	170.00,	0.00

BI_fence_gate,	367.65,	359.27,	-180.00,	0.00

BI_fence_L_shape,	388.47,	328.21,	80.00,	0.00

BI_fence_straight,	383.06,	368.58,	90.00,	0.00

BI_menhir,	425.87,	363.72,	-180.00,	0.00

BI_houseD,	369.60,	366.33,	92.52,	0.00

BI_houseC,	425.04,	355.01,	-180.00,	0.00

BI_houseB,	407.07,	365.75,	-91.55,	0.00

BI_houseA,	377.91,	351.39,	-96.48,	0.00

BI_fence_gate,	217.81,	374.14,	179.02,	0.00
BI_fence_gate,	227.78,	346.75,	-79.61,	0.00

BI_fence_straight,	256.14,	368.34,	177.61,	0.00

BI_houseB,	244.74,	350.06,	109.16,	0.00

BI_house_half_wood,	220.19,	356.89,	179.79,	0.00

BI_fence_gate,	226.88,	434.67,	-88.81,	0.00

BI_fence_straight,	214.73,	407.59,	177.61,	0.00
BI_fence_straight,	262.75,	424.92,	-173.51,	0.00

BI_fence_gate,	258.95,	406.19,	176.88,	0.00

BI_houseC,	261.59,	412.58,	-180.00,	0.00

BI_house_half_wood,	219.21,	422.79,	179.79,	0.00

BI_barn,	246.83,	430.56,	-89.46,	0.00

BI_houseB,	218.75,	391.32,	0.88,	0.00

BI_houseA,	258.11,	391.27,	172.75,	0.00

BI_fence_L_shape_wood,	116.73,	423.70,	-87.39,	0.00
BI_fence_L_shape_wood,	90.08,	422.45,	2.61,	0.00
BI_fence_L_shape_wood,	119.19,	363.82,	-177.03,	0.00

BI_barn,	88.84,	391.85,	0.30,	0.00

BI_cider_house,	94.08,	419.31,	35.00,	0.00

BI_fence_gate_wood,	125.17,	380.04,	-177.03,	0.00

BI_fence_L_shape_wood,	92.56,	362.42,	92.97,	0.00

BI_fence_straight_wood,	123.53,	400.75,	177.61,	0.00

BI_oast,	105.39,	398.99,	170.91,	0.00

BI_menhir,	91.79,	364.80,	-180.00,	0.00

BI_cider_house,	113.61,	419.34,	-180.00,	0.00

BI_houseD,	123.86,	387.04,	-7.63,	0.00

BI_fence_straight_wood,	188.43,	335.82,	-88.46,	0.00
BI_fence_straight_wood,	166.31,	347.98,	-175.50,	0.00

BI_fence_gate_wood,	175.56,	335.70,	-89.22,	0.00

BI_fence_L_shape_wood,	199.07,	356.40,	-92.10,	0.00

BI_houseD,	202.16,	338.92,	-89.48,	0.00

BI_houseC,	169.13,	337.65,	-180.00,	0.00

BI_houseA,	175.82,	361.32,	-75.82,	0.00

BI_oast,	370.79,	300.15,	18.99,	-0.06

BI_fence_straight_wood,	383.79,	300.52,	-96.50,	0.00
BI_fence_straight_wood,	362.28,	282.46,	-178.01,	0.00
BI_fence_straight_wood,	393.80,	253.56,	91.99,	0.00

BI_fence_L_shape_wood,	370.26,	259.39,	91.99,	0.00
BI_fence_L_shape_wood,	416.88,	261.03,	-178.01,	0.00

BI_fence_straight_wood,	422.72,	284.57,	-178.01,	0.00

BI_barn,	407.75,	300.63,	-95.47,	0.00

BI_fence_gate,	138.50,	-208.12,	-90.00,	0.00
BI_fence_gate,	169.40,	-219.98,	10.00,	0.00

BI_fence_L_shape,	174.43,	-267.00,	-170.00,	0.00

BI_fence_straight,	152.59,	-277.61,	100.00,	0.00

BI_house_half_wood,	115.28,	-248.71,	9.62,	0.00

BI_fence_gate,	139.89,	-279.65,	-90.00,	0.00

BI_fence_L_shape,	122.99,	-275.21,	101.13,	0.00

BI_fence_straight,	108.80,	-225.28,	3.64,	0.00

BI_oast,	160.03,	-266.93,	10.00,	0.00

BI_cider_house,	127.29,	-271.40,	100.00,	0.00

BI_house_half_wood,	155.52,	-212.13,	-90.21,	0.00

BI_barn,	169.11,	-240.98,	15.54,	0.00

BI_houseB,	121.47,	-211.02,	-90.00,	0.00

BI_fence_straight,	200.83,	-192.35,	90.00,	0.00

BI_fence_L_shape,	224.16,	-199.52,	-90.00,	0.00

BI_fence_gate,	197.18,	-252.09,	-80.00,	0.00

BI_fence_L_shape,	224.16,	-226.19,	-180.00,	0.00

BI_fence_straight,	185.33,	-238.53,	-170.00,	0.00

BI_menhir,	182.69,	-195.53,	-80.00,	0.00

BI_houseD,	189.89,	-251.39,	-167.48,	0.00

BI_houseC,	191.41,	-194.83,	-80.00,	0.00

BI_houseB,	183.95,	-214.39,	8.45,	0.00

BI_houseA,	203.15,	-240.62,	3.52,	0.00

BI_fence_gate,	-97.64,	-364.73,	-90.98,	0.00
BI_fence_gate,	-70.25,	-354.76,	10.39,	0.00

BI_fence_straight,	-91.83,	-326.40,	-92.39,	0.00

BI_houseB,	-73.56,	-337.80,	-160.84,	0.00

BI_house_half_wood,	-80.38,	-362.36,	-90.21,	0.00

BI_fence_gate,	-158.17,	-355.66,	1.19,	0.00

BI_fence_straight,	-131.09,	-367.81,	-92.39,	0.00
BI_fence_straight,	-148.41,	-319.79,	-83.51,	0.00

BI_fence_gate,	-129.69,	-323.59,	-93.12,	0.00

BI_houseC,	-136.08,	-320.95,	-90.00,	0.00

BI_house_half_wood,	-146.29,	-363.33,	-90.21,	0.00

BI_barn,	-154.06,	-335.71,	0.54,	0.00

BI_houseB,	-114.82,	-363.79,	90.88,	0.00

BI_houseA,	-114.77,	-324.43,	-97.25,	0.00

BI_fence_L_shape_wood,	-151.05,	-273.27,	2.61,	0.00
BI_fence_L_shape_wood,	-149.79,	-299.91,	92.61,	0.00
BI_fence_L_shape_wood,	-91.16,	-270.81,	-87.03,	0.00

BI_barn,	-119.20,	-301.15,	90.30,	0.00

BI_cider_house,	-146.66,	-295.92,	125.00,	0.00

BI_fence_gate_wood,	-107.38,	-264.82,	-87.03,	0.00

BI_fence_L_shape_wood,	-89.77,	-297.43,	-177.03,	0.00

BI_fence_straight_wood,	-128.10,	-266.46,	-92.39,	0.00

BI_oast,	-126.34,	-284.60,	-99.09,	0.00

BI_menhir,	-92.15,	-298.21,	-90.00,	0.00

BI_cider_house,	-146.68,	-276.39,	-90.00,	0.00

BI_houseD,	-114.38,	-266.13,	82.37,	0.00

BI_fence_straight_wood,	266.93,	-156.55,	-178.46,	0.00
BI_fence_straight_wood,	279.09,	-134.44,	94.50,	0.00

BI_fence_gate_wood,	266.81,	-143.69,	-179.22,	0.00

BI_fence_L_shape_wood,	287.50,	-167.19,	177.90,	0.00

BI_houseD,	270.02,	-170.28,	-179.48,	0.00

BI_houseC,	268.75,	-137.26,	90.00,	0.00

BI_houseA,	292.42,	-143.95,	-165.82,	0.00

BI_oast,	105.91,	-185.14,	108.99,	-0.06

BI_fence_straight_wood,	105.53,	-172.14,	-6.50,	0.00
BI_fence_straight_wood,	123.60,	-193.65,	-88.01,	0.00
BI_fence_straight_wood,	152.50,	-162.13,	-178.01,	0.00

BI_fence_L_shape_wood,	146.67,	-185.67,	-178.01,	0.00
BI_fence_L_shape_wood,	145.02,	-139.05,	-88.01,	0.00

BI_fence_straight_wood,	121.48,	-133.22,	-88.01,	0.00

BI_barn,	105.42,	-148.18,	-5.47,	0.00

BI_fence_gate,	-412.06,	-367.69,	0.00,	0.00
BI_fence_gate,	-400.19,	-336.80,	100.00,	0.00

BI_fence_L_shape,	-353.17,	-331.77,	-80.00,	0.00

BI_fence_straight,	-342.57,	-353.61,	-170.00,	0.00

BI_house_half_wood,	-371.47,	-390.92,	99.62,	0.00

BI_fence_gate,	-340.53,	-366.30,	0.00,	0.00

BI_fence_L_shape,	-344.96,	-383.21,	-168.87,	0.00

BI_fence_straight,	-394.89,	-397.40,	93.64,	0.00

BI_oast,	-353.25,	-346.17,	100.00,	0.00

BI_cider_house,	-348.78,	-378.90,	-170.00,	0.00

BI_house_half_wood,	-408.05,	-350.68,	-0.21,	0.00

BI_barn,	-379.19,	-337.09,	105.54,	0.00

BI_houseB,	-409.16,	-384.72,	0.00,	0.00

BI_fence_straight,	-306.89,	-434.66,	-75.00,	0.00

BI_fence_L_shape,	-331.28,	-433.77,	105.00,	0.00

BI_fence_gate,	-318.82,	-376.01,	115.00,	0.00

BI_fence_L_shape,	-338.18,	-408.01,	15.00,	0.00

BI_fence_straight,	-303.87,	-386.04,	25.00,	0.00

BI_menhir,	-290.19,	-426.90,	115.00,	0.00

BI_houseD,	-311.60,	-374.80,	27.52,	0.00

BI_houseC,	-298.43,	-429.82,	115.00,	0.00

BI_houseB,	-296.29,	-409.00,	-156.55,	0.00

BI_houseA,	-321.62,	-388.64,	-161.48,	0.00

BI_fence_gate,	-174.71,	-296.66,	-0.98,	0.00
BI_fence_gate,	-184.69,	-269.27,	100.39,	0.00

BI_fence_straight,	-213.05,	-290.86,	-2.39,	0.00

BI_houseB,	-201.65,	-272.58,	-70.84,	0.00

BI_house_half_wood,	-177.09,	-279.41,	-0.21,	0.00

BI_fence_gate,	-183.79,	-357.19,	91.19,	0.00

BI_fence_straight,	-171.63,	-330.11,	-2.39,	0.00
BI_fence_straight,	-219.66,	-347.44,	6.49,	0.00

BI_fence_gate,	-215.85,	-328.71,	-3.12,	0.00

BI_houseC,	-218.49,	-335.10,	0.00,	0.00

BI_house_half_wood,	-176.11,	-345.31,	-0.21,	0.00

BI_barn,	-203.73,	-353.08,	90.54,	0.00

BI_houseB,	-175.65,	-313.84,	-179.12,	0.00

BI_houseA,	-215.01,	-313.79,	-7.25,	0.00

BI_fence_L_shape_wood,	-323.33,	-331.52,	92.61,	0.00
BI_fence_L_shape_wood,	-296.69,	-330.26,	-177.39,	0.00
BI_fence_L_shape_wood,	-325.79,	-271.63,	2.97,	0.00

BI_barn,	-295.45,	-299.67,	-179.70,	0.00

BI_cider_house,	-300.68,	-327.13,	-145.00,	0.00

BI_fence_gate_wood,	-331.77,	-287.85,	2.97,	0.00

BI_fence_L_shape_wood,	-299.17,	-270.24,	-87.03,	0.00

BI_fence_straight_wood,	-330.14,	-308.57,	-2.39,	0.00

BI_oast,	-312.00,	-306.81,	-9.09,	0.00

BI_menhir,	-298.39,	-272.62,	0.00,	0.00

BI_cider_house,	-320.21,	-327.15,	0.00,	0.00

BI_houseD,	-330.46,	-294.85,	172.37,	0.00

BI_fence_straight_wood,	-375.71,	-407.43,	91.54,	0.00
BI_fence_straight_wood,	-353.60,	-419.59,	4.50,	0.00

BI_fence_gate_wood,	-362.85,	-407.32,	90.78,	0.00

BI_fence_L_shape_wood,	-386.35,	-428.01,	87.90,	0.00

BI_houseD,	-389.44,	-410.53,	90.52,	0.00

BI_houseC,	-356.42,	-409.26,	0.00,	0.00

BI_houseA,	-363.11,	-432.93,	104.18,	0.00

BI_oast,	-130.18,	-245.44,	-161.01,	-0.06

BI_fence_straight_wood,	-143.18,	-245.82,	83.50,	0.00
BI_fence_straight_wood,	-121.67,	-227.76,	1.99,	0.00
BI_fence_straight_wood,	-153.19,	-198.86,	-88.01,	0.00

BI_fence_L_shape_wood,	-129.65,	-204.69,	-88.01,	0.00
BI_fence_L_shape_wood,	-176.28,	-206.33,	1.99,	0.00

BI_fence_straight_wood,	-182.11,	-229.87,	1.99,	0.00

BI_barn,	-167.15,	-245.93,	84.53,	0.00

BI_houseD,	333.95,	29.17,	-94.48,	0.00

BI_fence_straight_wood,	320.00,	27.28,	-93.46,	0.00
BI_fence_straight_wood,	299.03,	41.32,	179.50,	0.00

BI_fence_gate_wood,	307.17,	28.29,	-94.22,	0.00

BI_fence_L_shape_wood,	332.39,	46.85,	-97.10,	0.00

BI_houseC,	300.93,	30.78,	175.00,	0.00

BI_houseA,	309.66,	53.78,	-80.82,	0.00

BI_fence_straight,	25.05,	-355.76,	90.00,	0.00

BI_fence_L_shape,	48.39,	-362.93,	-90.00,	0.00

BI_fence_gate,	21.40,	-415.50,	-80.00,	0.00

BI_fence_L_shape,	48.38,	-389.60,	-180.00,	0.00

BI_fence_straight,	9.55,	-401.94,	-170.00,	0.00

BI_menhir,	6.91,	-358.94,	-80.00,	0.00

BI_houseD,	14.11,	-414.80,	-167.48,	0.00

BI_houseC,	15.63,	-358.24,	-80.00,	0.00

BI_houseB,	8.17,	-377.80,	8.45,	0.00

BI_houseA,	27.38,	-404.03,	3.52,	0.00




}				
